Default flag is set; default values are used

File Used: 
  Logical RAM File:           logical_rams.txt
  Logic Block Count File:     logic_block_count.txt
  Your implememtation File:   temp_mapper_1
---------------------------------------------------
Defined RAM Type: 
  Type 1 RAM attributes: 
    Physical RAM Type:        LUTRAM
    Size (in bits):           640
    Max Width:                20
    Ratio:                    1:1

  Type 2 RAM attributes: 
    Physical RAM Type:        Block RAM
    Size (in bits):           8192
    Max Width:                32
    Ratio:                    10:1

  Type 3 RAM attributes: 
    Physical RAM Type:        Block RAM
    Size (in bits):           131072
    Max Width:                128
    Ratio:                    300:1

Circuit   Type 1    Type 2    Type 3    Blocks    Tiles     Area      
0         1150      231       3         3016      4166      2.07448e+08          Pass
1         808       492       12        2950      4920      2.45613e+08          Pass
2         72        14        0         1836      1908      9.49983e+07          Pass
3         57        50        1         2811      2868      1.42819e+08          Pass
4         1098      696       23        8177      9275      4.62833e+08          Pass
5         31        264       8         3692      3723      1.85737e+08          Pass
6         76        126       3         1853      1929      9.59789e+07          Pass
7         712       464       15        4017      4729      2.35669e+08          Pass
8         893       303       10        5342      6235      3.10976e+08          Pass
9         1         32        0         1636      1637      8.13783e+07          Pass
10        424       294       1         1428      2940      1.46291e+08          Pass
11        275       58        1         1352      1627      8.09068e+07          Pass
12        15        3         2         1632      1647      8.18498e+07          Pass
13        22        18        0         4498      4520      2.259e+08            Pass
14        101       216       7         1823      2160      1.07809e+08          Pass
15        67        103       2         1956      2023      1.00469e+08          Pass
16        22        77        0         2183      2205      1.09883e+08          Pass
17        2         59        0         1165      1167      5.75142e+07          Pass
18        173       122       2         2044      2217      1.10429e+08          Pass
19        458       291       5         2251      2910      1.44877e+08          Pass
20        253       217       7         2687      2940      1.46291e+08          Pass
21        27        43        1         5105      5132      2.56441e+08          Pass
22        1048      210       3         2761      3809      1.89734e+08          Pass
23        4         204       6         5233      5237      2.61344e+08          Pass
24        351       408       13        4416      4767      2.3748e+08           Pass
25        175       43        0         4543      4718      2.3516e+08           Pass
26        183       325       5         1402      3250      1.6176e+08           Pass
27        32        0         0         1496      1528      7.62288e+07          Pass
28        181       320       7         2027      3200      1.59402e+08          Pass
29        331       224       7         3031      3362      1.67873e+08          Pass
30        202       40        1         5419      5621      2.8036e+08           Pass
31        126       1         0         4347      4473      2.22804e+08          Pass
32        182       639       18        3480      6390      3.19184e+08          Pass
33        526       344       7         4261      4787      2.38423e+08          Pass
34        51        432       13        1705      4320      2.15618e+08          Pass
35        0         80        0         1360      1360      6.75333e+07          Pass
36        339       788       3         1665      7880      3.93698e+08          Pass
37        0         48        0         14969     14969     7.47457e+08          Pass
38        27        354       4         3208      3540      1.76286e+08          Pass
39        302       245       7         1863      2450      1.22335e+08          Pass
40        356       89        2         3217      3573      1.77813e+08          Pass
41        272       335       10        1993      3350      1.67326e+08          Pass
42        104       27        0         1342      1446      7.15307e+07          Pass
43        279       55        0         1212      1491      7.3701e+07           Pass
44        236       127       2         2124      2360      1.1724e+08           Pass
45        2         28        0         2782      2784      1.38897e+08          Pass
46        764       509       7         3509      5090      2.53629e+08          Pass
47        47        18        0         1439      1486      7.34169e+07          Pass
48        107       734       7         6907      7340      3.66533e+08          Pass
49        2903      1128      28        11883     14786     7.38857e+08          Pass
50        246       383       12        11915     12161     6.07468e+08          Pass
51        14        395       13        4206      4220      2.10903e+08          Pass
52        768       149       0         9603      10371     5.17956e+08          Pass
53        1001      200       0         10817     11818     5.90375e+08          Pass
54        717       156       4         10903     11620     5.80265e+08          Pass
55        1280      256       0         10341     11621     5.80303e+08          Pass
56        183       245       7         4594      4777      2.37951e+08          Pass
57        632       123       0         7145      7777      3.87923e+08          Pass
58        1174      83        2         7700      8874      4.43083e+08          Pass
59        0         1200      0         11888     12000     5.99885e+08          Pass
60        502       403       13        20544     21046     1.05191e+09          Pass
61        0         1890      62        15079     18900     9.44819e+08          Pass
62        353       461       15        4921      5274      2.63118e+08          Pass
63        0         491       8         4857      4910      2.45141e+08          Pass
64        1120      1010      33        10453     11573     5.7802e+08           Pass
65        349       153       3         12740     13089     6.53702e+08          Pass
66        395       554       11        6347      6742      3.36614e+08          Pass
67        94        672       22        2461      6720      3.35595e+08          Pass
68        160       32        0         4850      5010      2.49857e+08          Pass
Geometric Average Area: 2.1939e+08
