Default flag is set; default values are used

File Used: 
  Logical RAM File:           logical_rams.txt
  Logic Block Count File:     logic_block_count.txt
  Your implememtation File:   mapping_shared
---------------------------------------------------
Defined RAM Type: 
  Type 1 RAM attributes: 
    Physical RAM Type:        LUTRAM
    Size (in bits):           640
    Max Width:                20
    Ratio:                    1:1

  Type 2 RAM attributes: 
    Physical RAM Type:        Block RAM
    Size (in bits):           8192
    Max Width:                32
    Ratio:                    10:1

  Type 3 RAM attributes: 
    Physical RAM Type:        Block RAM
    Size (in bits):           131072
    Max Width:                128
    Ratio:                    300:1

Circuit   Type 1    Type 2    Type 3    Blocks    Tiles     Area      
0         1118      214       0         2941      4059      2.02373e+08          Pass
1         664       228       40        2906      12000     5.99885e+08          Pass
2         93        0         0         1836      1929      9.59789e+07          Pass
3         53        45        1         2808      2861      1.42556e+08          Pass
4         487       617       30        7907      9000      4.49914e+08          Pass
5         31        252       4         3692      3723      1.85737e+08          Pass
6         76        22        10        1853      3000      1.49971e+08          Pass
7         259       369       18        3947      5400      2.69948e+08          Pass
8         134       576       0         5342      5760      2.87775e+08          Pass
9         1         32        0         1636      1637      8.13783e+07          Pass
10        378       49        16        1418      4800      2.39954e+08          Pass
11        233       56        1         1329      1562      7.789e+07            Pass
12        11        4         2         1632      1643      8.16998e+07          Pass
13        6         20        0         4491      4497      2.23897e+08          Pass
14        53        62        22        1808      6600      3.29937e+08          Pass
15        43        63        4         1956      1999      9.92797e+07          Pass
16        8         49        2         2181      2189      1.0909e+08           Pass
17        2         59        0         1165      1167      5.75142e+07          Pass
18        163       6         11        2034      3300      1.64968e+08          Pass
19        159       157       17        2230      5100      2.54951e+08          Pass
20        197       166       8         2679      2876      1.43216e+08          Pass
21        18        46        1         5100      5118      2.55723e+08          Pass
22        200       394       0         2320      3940      1.96849e+08          Pass
23        0         105       11        5230      5230      2.61081e+08          Pass
24        131       339       16        4325      4800      2.39954e+08          Pass
25        99        53        0         4517      4616      2.30369e+08          Pass
26        43        126       21        1324      6300      3.1494e+08           Pass
27        32        0         0         1496      1528      7.62288e+07          Pass
28        98        137       15        1993      4500      2.24957e+08          Pass
29        301       182       9         3025      3326      1.66137e+08          Pass
30        241       4         0         5419      5660      2.82209e+08          Pass
31        128       0         0         4347      4475      2.22879e+08          Pass
32        182       295       32        3474      9600      4.79908e+08          Pass
33        30        256       20        4006      6000      2.99943e+08          Pass
34        51        0         40        1705      12000     5.99885e+08          Pass
35        0         80        0         1360      1360      6.75333e+07          Pass
36        230       132       47        1561      14100     7.04865e+08          Pass
37        0         48        0         14969     14969     7.47457e+08          Pass
38        19        38        24        3190      7200      3.59931e+08          Pass
39        162       236       7         1807      2360      1.1724e+08           Pass
40        36        144       1         3060      3096      1.5444e+08           Pass
41        156       245       13        1955      3900      1.94963e+08          Pass
42        94        10        2         1337      1431      7.08717e+07          Pass
43        370       0         0         1212      1582      7.8833e+07           Pass
44        185       60        6         2114      2299      1.14277e+08          Pass
45        2         12        1         2782      2784      1.38897e+08          Pass
46        352       252       24        3360      7200      3.59931e+08          Pass
47        47        18        0         1439      1486      7.34169e+07          Pass
48        92        48        48        6851      14400     7.19862e+08          Pass
49        96        1088      96        11883     28800     1.43972e+09          Pass
50        186       458       0         11884     12070     6.03186e+08          Pass
51        10        425       0         4204      4250      2.12318e+08          Pass
52        991       0         0         9603      10594     5.29294e+08          Pass
53        1326      0         0         10817     12143     6.06599e+08          Pass
54        761       128       0         10903     11664     5.82301e+08          Pass
55        1539      16        0         10341     11880     5.93376e+08          Pass
56        100       212       6         4578      4678      2.33273e+08          Pass
57        851       0         0         7145      7996      3.9911e+08           Pass
58        1180      55        2         7700      8880      4.43405e+08          Pass
59        0         1200      0         11888     12000     5.99885e+08          Pass
60        10        552       0         20371     20381     1.01805e+09          Pass
61        0         2076      0         15079     20760     1.03763e+09          Pass
62        301       259       20        4888      6000      2.99943e+08          Pass
63        0         7         39        4846      11700     5.84888e+08          Pass
64        1118      515       64        10451     19200     9.59816e+08          Pass
65        289       176       0         12721     13010     6.50064e+08          Pass
66        244       85        45        6310      13500     6.74871e+08          Pass
67        94        87        60        2461      18000     8.99828e+08          Pass
68        192       0         0         4850      5042      2.51346e+08          Pass
Geometric Average Area: 2.64334e+08
