Default flag is set; default values are used

File Used: 
  Logical RAM File:           logical_rams.txt
  Logic Block Count File:     logic_block_count.txt
  Your implememtation File:   mapping_modifiedcostfunction
---------------------------------------------------
Defined RAM Type: 
  Type 1 RAM attributes: 
    Physical RAM Type:        LUTRAM
    Size (in bits):           640
    Max Width:                20
    Ratio:                    1:1

  Type 2 RAM attributes: 
    Physical RAM Type:        Block RAM
    Size (in bits):           8192
    Max Width:                32
    Ratio:                    10:1

  Type 3 RAM attributes: 
    Physical RAM Type:        Block RAM
    Size (in bits):           131072
    Max Width:                128
    Ratio:                    300:1

Circuit   Type 1    Type 2    Type 3    Blocks    Tiles     Area      
0         1158      232       3         3012      4170      2.07695e+08          Pass
1         808       492       12        2950      4920      2.45613e+08          Pass
2         72        14        0         1836      1908      9.49983e+07          Pass
3         57        50        1         2811      2868      1.42819e+08          Pass
4         1125      678       22        8183      9308      4.65211e+08          Pass
5         31        264       8         3692      3723      1.85737e+08          Pass
6         76        142       3         1853      1929      9.59789e+07          Pass
7         724       411       13        4016      4740      2.36274e+08          Pass
8         893       303       10        5342      6235      3.10976e+08          Pass
9         1         32        0         1636      1637      8.13783e+07          Pass
10        424       294       1         1428      2940      1.46291e+08          Pass
11        283       58        1         1354      1637      8.13783e+07          Pass
12        15        3         2         1632      1647      8.18498e+07          Pass
13        22        18        0         4498      4520      2.259e+08            Pass
14        101       216       7         1823      2160      1.07809e+08          Pass
15        67        103       2         1956      2023      1.00469e+08          Pass
16        22        77        0         2183      2205      1.09883e+08          Pass
17        2         59        0         1165      1167      5.75142e+07          Pass
18        177       124       1         2044      2221      1.10676e+08          Pass
19        458       291       5         2251      2910      1.44877e+08          Pass
20        263       211       7         2689      2952      1.46838e+08          Pass
21        27        43        1         5105      5132      2.56441e+08          Pass
22        1056      213       3         2757      3813      1.89981e+08          Pass
23        4         204       6         5233      5237      2.61344e+08          Pass
24        367       396       13        4422      4789      2.38498e+08          Pass
25        175       43        0         4543      4718      2.3516e+08           Pass
26        183       322       5         1402      3220      1.60345e+08          Pass
27        32        0         0         1496      1528      7.62288e+07          Pass
28        181       320       7         2027      3200      1.59402e+08          Pass
29        332       224       7         3031      3363      1.6791e+08           Pass
30        202       40        1         5419      5621      2.8036e+08           Pass
31        126       1         0         4347      4473      2.22804e+08          Pass
32        182       639       18        3480      6390      3.19184e+08          Pass
33        526       344       7         4261      4787      2.38423e+08          Pass
34        51        432       13        1705      4320      2.15618e+08          Pass
35        320       80        0         1472      1792      8.87356e+07          Pass
36        339       788       3         1665      7880      3.93698e+08          Pass
37        0         48        0         14969     14969     7.47457e+08          Pass
38        45        341       4         3216      3410      1.70155e+08          Pass
39        302       245       7         1863      2450      1.22335e+08          Pass
40        330       91        2         3208      3538      1.76114e+08          Pass
41        272       332       10        1993      3320      1.65912e+08          Pass
42        111       27        0         1344      1455      7.19648e+07          Pass
43        279       55        0         1212      1491      7.3701e+07           Pass
44        240       125       4         2125      2365      1.17428e+08          Pass
45        2         28        0         2782      2784      1.38897e+08          Pass
46        764       509       7         3509      5090      2.53629e+08          Pass
47        47        18        0         1439      1486      7.34169e+07          Pass
48        107       734       7         6907      7340      3.66533e+08          Pass
49        2903      1128      28        11883     14786     7.38857e+08          Pass
50        246       383       12        11915     12161     6.07468e+08          Pass
51        14        395       13        4206      4220      2.10903e+08          Pass
52        768       149       0         9603      10371     5.17956e+08          Pass
53        1001      200       0         10817     11818     5.90375e+08          Pass
54        717       156       4         10903     11620     5.80265e+08          Pass
55        1280      256       0         10341     11621     5.80303e+08          Pass
56        183       245       7         4594      4777      2.37951e+08          Pass
57        632       123       0         7145      7777      3.87923e+08          Pass
58        1174      83        2         7700      8874      4.43083e+08          Pass
59        0         2400      0         11888     24000     1.19977e+09          Pass
60        502       403       13        20544     21046     1.05191e+09          Pass
61        0         1890      62        15079     18900     9.44819e+08          Pass
62        353       461       15        4921      5274      2.63118e+08          Pass
63        0         491       8         4857      4910      2.45141e+08          Pass
64        1120      1010      33        10453     11573     5.7802e+08           Pass
65        349       153       3         12740     13089     6.53702e+08          Pass
66        395       554       11        6347      6742      3.36614e+08          Pass
67        94        672       22        2461      6720      3.35595e+08          Pass
68        160       32        0         4850      5010      2.49857e+08          Pass
Geometric Average Area: 2.22393e+08
