
File Used: 
  Logical RAM File:           logical_rams.txt
  Logic Block Count File:     logic_block_count.txt
  Your implememtation File:   temp
---------------------------------------------------
Defined RAM Type: 
  Type 1 RAM attributes: 
    Physical RAM Type:        LUTRAM
    Size (in bits):           640
    Max Width:                20
    Ratio:                    9:1

  Type 2 RAM attributes: 
    Physical RAM Type:        Block RAM
    Size (in bits):           8192
    Max Width:                32
    Ratio:                    10:1

  Type 3 RAM attributes: 
    Physical RAM Type:        Block RAM
    Size (in bits):           131072
    Max Width:                64
    Ratio:                    150:1

Circuit   Type 1    Type 2    Type 3    Blocks    Tiles     Area      
0         548       550       33        3025      5500      2.7621e+08           Pass
1         518       518       33        2921      5180      2.60213e+08          Pass
2         32        33        1         1836      1868      9.35583e+07          Pass
3         32        59        3         2811      2843      1.42276e+08          Pass
4         721       723       48        8191      8912      4.48058e+08          Pass
5         31        251       8         3692      3723      1.86655e+08          Pass
6         61        60        7         1853      1914      9.5674e+07           Pass
7         356       365       25        3987      4343      2.17746e+08          Pass
8         424       430       28        5342      5766      2.89711e+08          Pass
9         1         28        1         1636      1637      8.15894e+07          Pass
10        180       191       16        1428      2400      1.20753e+08          Pass
11        114       143       4         1354      1468      7.31748e+07          Pass
12        7         8         2         1632      1639      8.16604e+07          Pass
13        3         20        1         4491      4494      2.25329e+08          Pass
14        90        204       13        1823      2040      1.02176e+08          Pass
15        41        68        5         1956      1997      1.00167e+08          Pass
16        20        44        3         2181      2201      1.1021e+08           Pass
17        2         59        0         1165      1167      5.80451e+07          Pass
18        73        79        8         2037      2110      1.06111e+08          Pass
19        184       200       15        2259      2443      1.22666e+08          Pass
20        122       203       14        2687      2809      1.40682e+08          Pass
21        16        42        2         5105      5121      2.57539e+08          Pass
22        389       393       24        2523      3930      1.97579e+08          Pass
23        4         185       11        5233      5237      2.62719e+08          Pass
24        239       404       25        4383      4622      2.31902e+08          Pass
25        51        85        3         4524      4575      2.29751e+08          Pass
26        138       190       14        1381      2100      1.05659e+08          Pass
27        32        0         0         1496      1528      7.66579e+07          Pass
28        105       134       17        1993      2550      1.283e+08            Pass
29        186       281       17        3028      3214      1.6134e+08           Pass
30        101       103       6         5419      5520      2.77113e+08          Pass
31        126       1         0         4347      4473      2.2439e+08           Pass
32        153       430       29        3480      4350      2.18865e+08          Pass
33        210       217       22        4113      4323      2.16843e+08          Pass
34        49        257       24        1705      3600      1.8113e+08           Pass
35        0         80        0         1360      1360      6.83753e+07          Pass
36        199       203       48        1621      7200      3.6226e+08           Pass
37        0         48        0         14969     14969     7.52447e+08          Pass
38        23        120       19        3194      3217      1.61446e+08          Pass
39        176       266       16        1861      2660      1.33267e+08          Pass
40        122       135       8         3123      3245      1.6273e+08           Pass
41        203       257       16        1993      2570      1.29203e+08          Pass
42        34        64        1         1344      1378      6.91108e+07          Pass
43        121       131       7         1212      1333      6.63533e+07          Pass
44        115       115       7         2121      2236      1.11742e+08          Pass
45        2         12        1         2782      2784      1.39602e+08          Pass
46        295       301       26        3367      3900      1.96224e+08          Pass
47        25        31        1         1439      1464      7.30328e+07          Pass
48        64        67        48        6851      7200      3.6226e+08           Pass
49        960       963       85        11883     12843     6.45672e+08          Pass
50        234       373       24        11935     12169     6.12085e+08          Pass
51        14        374       24        4206      4220      2.12221e+08          Pass
52        254       439       16        9603      9857      4.95324e+08          Pass
53        468       472       28        10817     11285     5.67563e+08          Pass
54        417       416       26        10903     11320     5.69192e+08          Pass
55        600       599       39        10341     10941     5.49747e+08          Pass
56        158       182       9         4601      4759      2.38794e+08          Pass
57        266       282       17        7145      7411      3.72552e+08          Pass
58        368       542       9         7700      8068      4.05246e+08          Pass
59        0         1200      0         11888     12000     6.03766e+08          Pass
60        404       405       26        20513     20917     1.052e+09            Pass
61        0         2076      0         15079     20760     1.04421e+09          Pass
62        365       391       25        4955      5320      2.67309e+08          Pass
63        0         299       20        4857      4857      2.44013e+08          Pass
64        77        1246      59        10453     12460     6.26859e+08          Pass
65        179       240       15        12743     12922     6.50023e+08          Pass
66        155       223       40        6326      6481      3.25915e+08          Pass
67        62        431       28        2461      4310      2.16285e+08          Pass
68        96        96        0         4850      4946      2.48041e+08          Pass
Geometric Average Area: 2.09068e+08
