LUTRAM %       LBs / LUTRAM   BRAM_Size_1 Max Width_1 LBs/BRAM_1  BRAM_Size_2 Max_Width_2 LBs/BRAM_2  Geomean Area (MWTA) 
50.0           2              8K          32          10          128K        32          300         2.18741e+08         
50.0           2              8K          16          10          128K        32          300         2.19912e+08         
50.0           2              8K          32          10          128K        64          300         2.18734e+08         
50.0           2              8K          16          10          128K        64          300         2.19588e+08         
50.0           2              8K          32          10          128K        128         300         2.1939e+08          
50.0           2              8K          16          10          128K        128         300         2.19732e+08         
50.0           2              32K         32          10          128K        32          300         2.54814e+08         
50.0           2              32K         64          10          128K        32          300         2.66505e+08         
50.0           2              32K         32          10          128K        64          300         2.54962e+08         
50.0           2              32K         64          10          128K        64          300         2.66893e+08         
50.0           2              32K         32          10          128K        128         300         2.55678e+08         
50.0           2              32K         64          10          128K        128         300         2.67737e+08         
50.0           2              32K         32          10          64K         32          150         2.54756e+08         
50.0           2              32K         64          10          64K         32          150         2.66612e+08         
50.0           2              32K         32          10          64K         64          150         2.55634e+08         
50.0           2              32K         64          10          64K         64          150         2.67787e+08         
50.0           2              32K         32          10          64K         128         150         2.57291e+08         
50.0           2              32K         64          10          64K         128         150         2.70011e+08         
50.0           2              8K          32          5           128K        64          100         2.54495e+08         
50.0           2              8K          32          5           128K        64          150         2.45325e+08         
50.0           2              8K          32          5           128K        64          200         2.40896e+08         
50.0           2              8K          32          5           128K        64          250         2.37849e+08         
50.0           2              8K          32          10          128K        64          100         2.23858e+08         
50.0           2              8K          32          10          128K        64          150         2.18863e+08         
50.0           2              8K          32          10          128K        64          200         2.22932e+08         
50.0           2              8K          32          10          128K        64          250         2.20142e+08         
50.0           2              8K          32          25          128K        64          100         2.21697e+08         
50.0           2              8K          32          25          128K        64          150         2.20102e+08         
50.0           2              8K          32          25          128K        64          200         2.26247e+08         
50.0           2              8K          32          25          128K        64          250         2.34834e+08         

LUTRAM %       LBs / LUTRAM   BRAM_Size_1 Max Width_1 LBs/BRAM_1  BRAM_Size_2 Max_Width_2 LBs/BRAM_2  Geomean Area (MWTA) 
33.3333333333  3              8K          32          10          128K        32          300         2.13968e+08         
33.3333333333  3              8K          16          10          128K        32          300         2.14458e+08         
33.3333333333  3              8K          32          10          128K        64          300         2.14278e+08         
33.3333333333  3              8K          16          10          128K        64          300         2.14095e+08         
33.3333333333  3              8K          32          10          128K        128         300         2.14565e+08         
33.3333333333  3              8K          16          10          128K        128         300         2.14097e+08         
33.3333333333  3              32K         32          10          128K        32          300         2.48503e+08         
33.3333333333  3              32K         64          10          128K        32          300         2.60496e+08         
33.3333333333  3              32K         32          10          128K        64          300         2.4855e+08          
33.3333333333  3              32K         64          10          128K        64          300         2.60941e+08         
33.3333333333  3              32K         32          10          128K        128         300         2.49365e+08         
33.3333333333  3              32K         64          10          128K        128         300         2.61662e+08         
33.3333333333  3              32K         32          10          64K         32          150         2.48587e+08         
33.3333333333  3              32K         64          10          64K         32          150         2.60751e+08         
33.3333333333  3              32K         32          10          64K         64          150         2.49463e+08         
33.3333333333  3              32K         64          10          64K         64          150         2.61824e+08         
33.3333333333  3              32K         32          10          64K         128         150         2.51128e+08         
33.3333333333  3              32K         64          10          64K         128         150         2.63938e+08         
33.3333333333  3              8K          64          10          128K        32          300         2.27765e+08         
33.3333333333  3              8K          32          10          128K        32          100         2.17633e+08         
33.3333333333  3              8K          32          10          128K        32          150         2.12881e+08         
33.3333333333  3              8K          32          10          128K        32          200         2.16022e+08         
33.3333333333  3              8K          32          10          128K        32          250         2.14434e+08         
33.3333333333  3              8K          32          25          128K        32          100         2.17014e+08         
33.3333333333  3              8K          32          25          128K        32          150         2.19796e+08         
33.3333333333  3              8K          32          25          128K        32          200         2.28021e+08         
33.3333333333  3              8K          32          25          128K        32          250         2.33861e+08         

LUTRAM %       LBs / LUTRAM   BRAM_Size_1 Max Width_1 LBs/BRAM_1  BRAM_Size_2 Max_Width_2 LBs/BRAM_2  Geomean Area (MWTA) 
25.0           4              8K          32          10          128K        32          300         2.11162e+08         
25.0           4              8K          16          10          128K        32          300         2.12102e+08         
25.0           4              8K          32          10          128K        64          300         2.12309e+08         
25.0           4              8K          16          10          128K        64          300         2.11688e+08         
25.0           4              8K          32          10          128K        128         300         2.12587e+08         
25.0           4              8K          16          10          128K        128         300         2.11863e+08         
25.0           4              32K         32          10          128K        32          300         2.4465e+08          
25.0           4              32K         64          10          128K        32          300         2.56769e+08         
25.0           4              32K         32          10          128K        64          300         2.44744e+08         
25.0           4              32K         64          10          128K        64          300         2.57162e+08         
25.0           4              32K         32          10          128K        128         300         2.45481e+08         
25.0           4              32K         64          10          128K        128         300         2.57949e+08         
25.0           4              32K         32          10          64K         32          150         2.4494e+08          
25.0           4              32K         64          10          64K         32          150         2.57201e+08         
25.0           4              32K         32          10          64K         64          150         2.45626e+08         
25.0           4              32K         64          10          64K         64          150         2.58224e+08         
25.0           4              32K         32          10          64K         128         150         2.47323e+08         
25.0           4              32K         64          10          64K         128         150         2.60249e+08         
25.0           4              8K          64          10          128K        32          300         2.25944e+08         
25.0           4              8K          32          10          128K        32          100         2.14874e+08         
25.0           4              8K          32          10          128K        32          150         2.10536e+08         
25.0           4              8K          32          10          128K        32          200         2.13897e+08         
25.0           4              8K          32          10          128K        32          250         2.11694e+08         
25.0           4              8K          32          25          128K        32          100         2.14792e+08         
25.0           4              8K          32          25          128K        32          150         2.18354e+08         
25.0           4              8K          32          25          128K        32          200         2.25973e+08         
25.0           4              8K          32          25          128K        32          250         2.32483e+08         

LUTRAM %       LBs / LUTRAM   BRAM_Size_1 Max Width_1 LBs/BRAM_1  BRAM_Size_2 Max_Width_2 LBs/BRAM_2  Geomean Area (MWTA) 
10.0           10             8K          32          10          128K        32          300         2.13141e+08         
10.0           10             8K          16          10          128K        32          300         2.16445e+08         
10.0           10             8K          32          10          128K        64          300         2.1268e+08          
10.0           10             8K          16          10          128K        64          300         2.16609e+08         
10.0           10             8K          32          10          128K        128         300         2.12446e+08         
10.0           10             8K          16          10          128K        128         300         2.16415e+08         
10.0           10             32K         32          10          128K        32          300         2.4117e+08          
10.0           10             32K         64          10          128K        32          300         2.50597e+08         
10.0           10             32K         32          10          128K        64          300         2.40698e+08         
10.0           10             32K         64          10          128K        64          300         2.50981e+08         
10.0           10             32K         32          10          128K        128         300         2.41227e+08         
10.0           10             32K         64          10          128K        128         300         2.51681e+08         
10.0           10             32K         32          10          64K         32          150         2.40557e+08         
10.0           10             32K         64          10          64K         32          150         2.50692e+08         
10.0           10             32K         32          10          64K         64          150         2.41319e+08         
10.0           10             32K         64          10          64K         64          150         2.51764e+08         
10.0           10             32K         32          10          64K         128         150         2.4306e+08          
10.0           10             32K         64          10          64K         128         150         2.53685e+08         
10.0           10             8K          32          10          128K        128         100         2.13841e+08         
10.0           10             8K          32          10          128K        128         150         2.09968e+08         
10.0           10             8K          32          10          128K        128         200         2.15983e+08         
10.0           10             8K          32          10          128K        128         250         2.1353e+08          
10.0           10             8K          32          10          128K        64          100         2.11962e+08         
10.0           10             8K          32          10          128K        64          150         2.09068e+08         
10.0           10             8K          32          10          128K        64          200         2.15926e+08         
10.0           10             8K          32          10          128K        64          250         2.12745e+08         
10.0           10             8K          32          25          128K        128         100         2.18785e+08         
10.0           10             8K          32          25          128K        128         150         2.18654e+08         
10.0           10             8K          32          25          128K        128         200         2.24554e+08         
10.0           10             8K          32          25          128K        128         250         2.32806e+08         
10.0           10             8K          32          25          128K        64          100         2.18222e+08         
10.0           10             8K          32          25          128K        64          150         2.17539e+08         
10.0           10             8K          32          25          128K        64          200         2.2352e+08          
10.0           10             8K          32          25          128K        64          250         2.32188e+08         

